      0/49        0G    0.1058   0.07537   0.02585     0.207       463       640   0.01095   0.04072  0.001751 0.0002999    0.1145   0.04619   0.02715
      1/49        0G   0.07699   0.07292   0.01733    0.1672       387       640   0.06598   0.07625   0.02075  0.005244    0.1077   0.05054   0.02491
      2/49        0G   0.06477   0.06574   0.01143    0.1419       380       640    0.5176    0.3396    0.3312    0.1144   0.07336   0.04869   0.01239
      3/49        0G   0.06181   0.06489  0.008732    0.1354       426       640    0.4293    0.5152    0.4359     0.176   0.05997   0.04406   0.00778
      4/49        0G    0.0598   0.06398  0.007628    0.1314       453       640    0.6945    0.5555    0.6039    0.2737   0.05345   0.04309  0.006396
      5/49        0G   0.05819   0.06573  0.007114     0.131       354       640    0.6822    0.6194    0.6406    0.2794   0.05367   0.04174  0.006081
      6/49        0G   0.05608   0.06595  0.006852    0.1289       449       640    0.7102    0.5887    0.6459    0.3139     0.051   0.04208  0.005734
      7/49        0G   0.05443   0.06349  0.006826    0.1247       334       640    0.6868    0.6334    0.6539    0.3193   0.05024   0.04176  0.005712
      8/49        0G    0.0534   0.06424  0.006352     0.124       434       640    0.4153    0.5678    0.4204    0.1385   0.06547   0.04001  0.005765
      9/49        0G   0.06023    0.0613  0.006571    0.1281       426       640    0.7279    0.6246    0.6589    0.3147   0.04962   0.04221  0.006129
     10/49        0G   0.05649    0.0623  0.006273    0.1251       437       640    0.7138    0.6394    0.6749    0.3213   0.04994   0.04296  0.005675
     11/49        0G   0.05485    0.0632  0.006051    0.1241       389       640    0.6998    0.6307    0.6547    0.2959    0.0508   0.04359  0.006033
     12/49        0G   0.05351    0.0624  0.006093     0.122       468       640    0.7161    0.6396    0.6823    0.3429   0.04921   0.04347  0.006026
     13/49        0G   0.05217   0.06327  0.005795    0.1212       458       640    0.7546    0.6233    0.6778    0.3435   0.04837   0.04291   0.00598
     14/49        0G   0.05097   0.06096  0.005742    0.1177       420       640    0.7476    0.6114    0.6679    0.3355    0.0487   0.04413  0.006121
     15/49        0G     0.051   0.06296   0.00567    0.1196       417       640    0.7141    0.6068    0.6509    0.3197   0.04881   0.04497   0.00597
     16/49        0G   0.04985   0.06372  0.005708    0.1193       444       640     0.709    0.6242    0.6517    0.3315   0.04844   0.04596   0.00625
     17/49        0G   0.04957   0.06345  0.005484    0.1185       543       640    0.7553    0.6119    0.6609    0.3276   0.04874   0.04605  0.005649
     18/49        0G   0.04905   0.06348  0.005552    0.1181       483       640    0.7418    0.5934    0.6459     0.324   0.05036   0.04727  0.006688
     19/49        0G   0.04824   0.06222  0.005186    0.1157       451       640      0.71    0.6212    0.6583    0.3337   0.04873    0.0458  0.006244
     20/49        0G   0.04777   0.06265  0.005267    0.1157       415       640    0.7458    0.5802    0.6444    0.3277   0.04888   0.04692  0.006211
     21/49        0G   0.04685   0.06288  0.005059    0.1148       309       640    0.7363     0.604    0.6488    0.3296   0.04974   0.04707  0.006789
     22/49        0G   0.04665   0.06271  0.005166    0.1145       436       640    0.7175    0.6039    0.6432    0.3196   0.04907   0.04657  0.006282
     23/49        0G   0.04654   0.06159  0.004978    0.1131       461       640    0.7194    0.6155    0.6672    0.3438   0.04831   0.04637  0.006158
     24/49        0G    0.0454   0.05963  0.004689    0.1097       397       640    0.7647    0.5838    0.6542      0.34   0.04846   0.04728   0.00611
     25/49        0G   0.04535   0.05897  0.004449    0.1088       329       640      0.78    0.5829    0.6631    0.3335   0.04852   0.04659   0.00622
     26/49        0G   0.04487   0.05997   0.00455    0.1094       391       640    0.7258    0.6141    0.6606    0.3458    0.0483   0.04725  0.006568
     27/49        0G   0.04477   0.05839  0.004266    0.1074       368       640    0.7305    0.6215    0.6641    0.3442   0.04801   0.04716  0.005553
     28/49        0G   0.04409   0.05854  0.004383     0.107       461       640    0.7156    0.6442    0.6796    0.3545   0.04735   0.04599  0.006227
     29/49        0G   0.04359   0.05705  0.004049    0.1047       362       640    0.7646    0.5845    0.6616     0.338   0.04795   0.04754  0.006434
     30/49        0G   0.04378   0.05996  0.004184    0.1079       459       640    0.7328    0.6016    0.6535    0.3407   0.04836   0.04871  0.005881
     31/49        0G   0.04362   0.05808   0.00418    0.1059       411       640    0.7317    0.6048    0.6577    0.3399   0.04794   0.04748  0.006108
     32/49        0G   0.04263   0.05604  0.004052    0.1027       375       640    0.7888    0.5798    0.6614     0.347   0.04794   0.04752  0.005976
     33/49        0G   0.04266   0.05697  0.004074    0.1037       425       640    0.7757    0.5884    0.6664    0.3536   0.04739   0.04718  0.005801
     34/49        0G   0.04195   0.05537  0.003864    0.1012       391       640    0.7423    0.6199    0.6659    0.3504   0.04739   0.04706  0.006237
     35/49        0G   0.04188   0.05457  0.003744    0.1002       437       640    0.7782    0.5831    0.6619    0.3477   0.04817   0.04823  0.006728
     36/49        0G   0.04167   0.05501  0.003717    0.1004       350       640    0.7624    0.5938    0.6587    0.3483   0.04781   0.04748  0.006019
     37/49        0G   0.04103   0.05417  0.003745   0.09894       524       640     0.725    0.6259    0.6646    0.3512   0.04761   0.04698  0.005762
     38/49        0G   0.04127   0.05289  0.003565   0.09773       436       640    0.7589    0.6142    0.6723    0.3581   0.04762   0.04711  0.005898
     39/49        0G   0.04096   0.05362  0.003552   0.09813       439       640    0.7167    0.6365     0.667    0.3571   0.04795   0.04899   0.00569
     40/49        0G   0.04081   0.05347  0.003545   0.09783       345       640    0.7479    0.6214    0.6628    0.3531   0.04757   0.04899  0.006039
     41/49        0G   0.04016   0.05308  0.003479   0.09672       423       640    0.8091    0.6053    0.6798    0.3545   0.04789   0.04788  0.005769
     42/49        0G   0.03975     0.052  0.003453   0.09521       359       640    0.7369    0.6416    0.6774    0.3539   0.04783   0.04839  0.005731
     43/49        0G   0.04032   0.05333   0.00332   0.09697       406       640    0.8003    0.5777    0.6618    0.3547   0.04819   0.04877  0.006183
     44/49        0G   0.03996   0.05267   0.00316   0.09579       395       640    0.7467    0.6228    0.6606    0.3533   0.04802   0.04878  0.006004
     45/49        0G   0.03965    0.0525  0.003167   0.09532       499       640    0.7736     0.602    0.6659    0.3506   0.04776   0.04859  0.006077
     46/49        0G   0.03938   0.05081  0.003102   0.09329       387       640    0.7257    0.6255    0.6609    0.3504   0.04814   0.05017   0.00646
     47/49        0G   0.03944   0.05184  0.003309   0.09459       363       640    0.7864    0.6012    0.6622      0.35   0.04826   0.05007  0.006246
     48/49        0G   0.03924   0.05087  0.003062   0.09317       348       640    0.7268    0.6214    0.6536    0.3483   0.04806   0.04971  0.006214
     49/49        0G    0.0393   0.05022   0.00299   0.09251       342       640    0.7399    0.6301    0.6618    0.3531   0.04822    0.0493  0.006516
